AIR 3,16
SRC 3,5,1,0
STR 3,0,6[,0]
LDX 3,6[,1]
AIR 3,31
AIR 3,28
STR 3,0,30[,0]
AIR 3,10
STR 3,0,29[,0]
AIR 3,10
STR 3,0,28[,0]
AIR 3,10
STR 3,0,27[,0]
LDR 3,0,6[,0]
IN 2,0
STR 2,0,8[,0]
AIR 1,15
STR 1,0,7[,0]
LDX 1,7[,1]
LDX 2,7[,1]
IN 0,0
STR 0,1,0[,0]
AIR 1,1
STR 1,0,7[,0]
LDX 1,7[,1]
SOB 2,3,0[,0]
SRC 3,1,1,0
STR 3,0,9[,0]
LDX 1,9[,1]
LDR 0,0,10[,0]
AIR 0,1
STR 0,0,10[,0]
STR 0,0,11[,0]
LDR 2,0,8[,0]
SMR 1,0,8[,0]
STR 1,0,7[,0]
LDR 0,0,12[,0]
AIR 0,31
AIR 0,1
STR 0,0,12[,0]
AIR 0,14
STR 0,0,13[,0]
LDR 0,0,6[,0]
AIR 0,26
STR 0,0,6[,0]
LDX 3,6[,1]
LDR 0,1,0[,0]
SMR 0,0,12[,0]
JZ 0,3,23[,0]
LDR 0,1,0[,0]
SMR 0,0,13[,0]
JZ 0,0,30[,1]
LDR 0,1,0[,0]
SMR 0,2,0[,0]
JNE 0,0,29[,1]
AIR 3,1
STR 3,0,9[,0]
LDX 1,9[,1]
AIR 1,1
STR 1,0,14[,0]
LDX 2,14[,1]
SOB 2,3,0[,0]
LDR 0,1,0[,0]
SMR 0,0,12[,0]
JZ 0,0,28[,1]
LDR 0,1,0[,0]
SMR 0,0,13[,0]
JZ 0,0,28[,1]
JMA 0,30[,1]
LDR 0,0,10[,0]
AIR 0,1
STR 0,0,10[,0]
AIR 3,1
STR 3,0,9[,0]
LDX 1,9[,1]
LDR 2,0,8[,0]
LDR 1,0,7[,0]
LDX 2,7[,1]
JMA 3,0[,0]
LDR 0,1,1[,0]
JZ 0,0,27[,1]
LDR 0,0,11[,0]
AIR 0,1
STR 0,0,11[,0]
LDR 0,0,31[,0]
AIR 0,1
STR 0,0,10[,0]
AIR 3,2
JMA 3,27[,0]
AIR 3,1
STR 3,0,9[,0]
LDX 1,9[,1]
LDR 0,1,0[,0]
SMR 0,0,12[,0]
JZ 0,3,23[,0]
LDR 0,1,0[,0]
SMR 0,0,13[,0]
JZ 0,0,30[,1]
JMA 0,29[,1]
LDR 2,0,8[,0]
LDR 1,0,7[,0]
LDR 3,0,28[,0]
AIR 3,6
STR 3,0,28[,0]
LDX 2,7[,1]
LDR 0,2,0[,0]
OUT 0,0
AIR 1,1
STR 1,0,7[,0]
LDX 2,7[,1]
SOB 2,0,28[,1]
LDR 0,0,10[,0]
OUT 0,0
LDR 0,0,11[,0]
OUT 0,0
LDR 2,0,31[,0]
OUT 2,0